2008115,2008-09-30,02 12 13 14 17 18 + 06,135827902,2,5000000,35,407174
2008116,2008-10-02,03 07 21 22 24 29 + 14,131959380,3,5000000,88,367605
2008117,2008-10-05,03 05 07 10 14 33 + 07,159338244,2,5000000,54,424953
2008118,2008-10-07,04 09 16 27 31 33 + 01,151771380,1,5000000,43,610599
2008119,2008-10-09,05 07 09 15 24 29 + 07,159160812,3,5000000,45,752625
2008120,2008-10-12,10 11 22 24 26 33 + 02,177325446,1,5000000,42,939166
2008121,2008-10-14,02 22 23 27 31 32 + 06,159325560,2,5000000,19,1604854
2008122,2008-10-16,02 08 11 14 19 26 + 15,183419190,2,7000000,134,255530
2008123,2008-10-19,10 11 15 16 25 29 + 02,200338784,2,7000000,83,563171



2008118,2008-10-07,04 09 16 27 31 33 + 01,
2008119,2008-10-09,05 07 09 15 24 29 + 07,
2008120,2008-10-12,10 11 22 24 26 33 + 02,
2008121,2008-10-14,02 22 23 27 31 32 + 06,
2008122,2008-10-16,02 08 11 14 19 26 + 15,
-----------------------------------------
2008123,2008-10-19,10 11 15 16 25 29 + 02,
-----------------------------------------------------
01-07   02 04 05 07                        2 
08-12   08 09 10 11                        3
13-20   14 15 16 19                        3
21-33   22 23 24 26 29 32 32 33            3 

05 07 09 10 11 14 15 16 24 29



04 09 16 27 31 33 
05 07 09 15 24 29 
10 11 22 24 26 33 
02 22 23 27 31 32 
02 08 11 14 19 26 

10 11 15 16 25 29 

01-07   02 04 05 07                        2 
08-12   08 09 10 11                        3
13-20   14 15 16 19                        3
21-33   22 23 24 26 29 32 32 33            3 


 05 07 09 10 11 14 15 16 24 29

 --------------------------------------------------------------
2008117,2008-10-05,03 05 07 10 14 33 + 07,159338244,2,5000000,54,424953
2008118,2008-10-07,04 09 16 27 31 33 + 01,151771380,1,5000000,43,610599
2008119,2008-10-09,05 07 09 15 24 29 + 07,159160812,3,5000000,45,752625
2008120,2008-10-12,10 11 22 24 26 33 + 02,177325446,1,5000000,42,939166
2008121,2008-10-14,02 22 23 27 31 32 + 06,159325560,2,5000000,19,1604854

2008122,2008-10-16,02 08 11 14 19 26 + 15,183419190,2,7000000,134,255530

01-07   02 03 04 05 07                 3    02 05 07
08-12   09 10 11                       2 
13-20   14 15 16                       2   
21-33   22 23 24 26 29 31 32 32 33     3    

02 08 11 14 19 26


02 05 07 10 11 14 16  24 26 32
--------------------------------
2008063,2008-06-01,05 09 11 14 16 17 + 15,155226836,2,5000000,48,338979
2008064,2008-06-03,01 02 07 09 12 18 + 12,142377766,6,5000000,43,315561
2008065,2008-06-05,05 13 15 19 30 31 + 05,148399068,4,5000000,69,99560
2008066,2008-06-08,07 12 21 22 29 30 + 08,157257472,11,5000000,92,40917
2008067,2008-06-10,10 11 15 19 26 33 + 13,139167536,3,5000000,35,89194

2008068,2008-06-12,05 07 17 23 27 29 + 07,146064510,3,5000000,66,137177


01-07  01 02 05                   2
08-12  09 11 12                   2
13-20  13 14 15 16 17 18 19 21    4
21-33  22 26 29 30                2



